    0.1117   -0.0896   -0.5743
    1.0920    0.2447    0.8713
   -0.6245   -0.1499   -0.0066
    0.2416    0.5937    0.8929
    1.0399    1.3384    0.9343

e1: 0.593665, e2: 1.338360 
    1.0000         0         0         0         0
         0    1.0000         0         0         0
         0         0    1.0000         0         0
         0         0         0    0.4055    0.9141
         0         0         0   -0.9141    0.4055

    0.1117   -0.0896   -0.5743
    1.0920    0.2447    0.8713
   -0.6245   -0.1499   -0.0066
   -0.8526   -0.9827   -0.4920
    0.6425    1.0853    1.1951

e1: -0.149863, e2: -0.982686 
    1.0000         0         0         0         0
         0    1.0000         0         0         0
         0         0   -0.1508   -0.9886         0
         0         0    0.9886   -0.1508         0
         0         0         0         0    1.0000

    0.1117   -0.0896   -0.5743
    1.0920    0.2447    0.8713
   -0.7487   -0.9489   -0.4854
    0.7459    0.2963    0.0807
    0.6425    1.0853    1.1951

e1: 0.244697, e2: -0.948860 
    1.0000         0         0         0         0
         0    0.2497   -0.9683         0         0
         0    0.9683    0.2497         0         0
         0         0         0    1.0000         0
         0         0         0         0    1.0000

    0.1117   -0.0896   -0.5743
   -0.4523   -0.8577   -0.2524
   -1.2443   -0.4739   -0.9649
    0.7459    0.2963    0.0807
    0.6425    1.0853    1.1951

e1: 0.080666, e2: 1.195066 
    1.0000         0         0         0         0
         0    1.0000         0         0         0
         0         0    1.0000         0         0
         0         0         0    0.0673    0.9977
         0         0         0   -0.9977    0.0673

    0.1117   -0.0896   -0.5743
   -0.4523   -0.8577   -0.2524
   -1.2443   -0.4739   -0.9649
   -0.5908   -1.0629   -1.1869
    0.7875    0.3687    0.1610

e1: -0.964855, e2: -1.186920 
    1.0000         0         0         0         0
         0    1.0000         0         0         0
         0         0   -0.6308   -0.7760         0
         0         0    0.7760   -0.6308         0
         0         0         0         0    1.0000